000001
000002
000003
000004
000005
000006
000007
000008
000009
000010
000011
000012
000013
000015
000016
000017
000028
000029
000030
000031
000032
000033
000034
000035
000036
000037
000038
000039
000040
000041
000042
000043
000044
000045
000046
000047
000048
000049
000050
000051
000052
000053
000054
000055
000152
000153
000154
000155
000156
000157
000158
000159
000160
000161
000162
000163
000164
000165
000166
000167
000168
000169
000170
000171
000172
000173
000174
000175
000176
000177
000178
000179
000180
000181
000182
000183
000184
000185
000186
000187
000188
000189
000190
000191
000192
000193
000194
000195
000196
000197
000198
000199
000200
000201
000202
000203
000204
000205
000206
000207
000208
000209
000210
000211
000213
000214
000215
000272
000273
000274
000275
000276
000277
000278
000279
000280
000281
000282
000283
000284
000285
000286
000287
000288
000289
000290
000291
000292
000293
000294
000295
000296
000297
000298
000299
000300
000301
000302
000303
000304
000305
000306
000307
000308
000309
000310
000311
000312
000313
000314
000315
000316
000317
000318
000319
000320
000321
